2 60
tireNew.off	100.0	1.0 0		0.0 50.0 0.0	0.0 1.0 1.0 0.0
axel.off 	1.0		1.0	0		0.0	50.0 0.0	0.0	1.0 1.0 0.0

0 0 1 1
0 1 1 2
0 2 1 3
0 3 1 4
0 4 1 5
0 5 1 6
0 6 1 7
0 7 1 8
0 8 1 9
0 9 1 10
0 10 1 11
0 11 1 12
0 12 1 13
0 13 1 14
0 14 1 15
0 15 1 16
0 16 1 17
0 17 1 18
0 18 1 19
0 19 1 20

0 100 1 34
0 101 1 33
0 102 1 32
0 103 1 31
0 104 1 30
0 105 1 29
0 106 1 28
0 107 1 27
0 108 1 26
0 109 1 25
0 110 1 24
0 111 1 23
0 112 1 22
0 113 1 21
0 114 1 40
0 115 1 39
0 116 1 38
0 117 1 37
0 118 1 36
0 119 1 35

0 80 1 41
0 81 1 42
0 82 1 43
0 83 1 44
0 84 1 45
0 85 1 46
0 86 1 47
0 87 1 48
0 88 1 49
0 89 1 50
0 90 1 51
0 91 1 52
0 92 1 53
0 93 1 54
0 94 1 55
0 95 1 56
0 96 1 57
0 97 1 58
0 98 1 59
0 99 1 60











